67
1 0 0 0.456
0 1 0 0.725
0 0 1 -0.15
1 0 0 0.456
0 1 0 0.73177
0 0 1 -0.14254
1 0 0 0.456
0 1 0 0.73988
0 0 1 -0.13254
1 0 0 0.456
0 1 0 0.74919
0 0 1 -0.1204
1 0 0 0.456
0 1 0 0.75957
0 0 1 -0.10652
1 0 0 0.456
0 1 0 0.77089
0 0 1 -0.091314
1 0 0 0.456
0 1 0 0.783
0 0 1 -0.075169
1 0 0 0.456
0 1 0 0.79578
0 0 1 -0.05849
1 0 0 0.456
0 1 0 0.8091
0 0 1 -0.041677
1 0 0 0.456
0 1 0 0.82282
0 0 1 -0.025131
1 0 0 0.456
0 1 0 0.83681
0 0 1 -0.0092537
1 0 0 0.456
0 1 0 0.85093
0 0 1 0.0055556
1 0 0 0.456
0 1 0 0.86505
0 0 1 0.018896
1 0 0 0.456
0 1 0 0.87903
0 0 1 0.030366
1 0 0 0.456
0 1 0 0.89275
0 0 1 0.039565
1 0 0 0.456
0 1 0 0.90607
0 0 1 0.046093
1 0 0 0.456
0 1 0 0.91885
0 0 1 0.049549
1 0 0 0.456
0 1 0 0.93119
0 0 1 0.049638
1 0 0 0.456
0 1 -0.0013549 0.94431
0 0.0013549 1 0.046844
1 0 0 0.456
0 0.99999 -0.0050698 0.95822
0 0.0050698 0.99999 0.041513
1 0 0 0.456
0 0.99994 -0.01062 0.97274
0 0.01062 0.99994 0.033911
1 0 0 0.456
0 0.99985 -0.017481 0.98766
0 0.017481 0.99985 0.024305
1 0 0 0.456
0 0.99968 -0.025128 1.0028
0 0.025128 0.99968 0.012963
1 0 0 0.456
0 0.99945 -0.033035 1.0179
0 0.033035 0.99945 0.00015165
1 0 0 0.456
0 0.99917 -0.040678 1.0328
0 0.040678 0.99917 -0.013862
1 0 0 0.456
0 0.99887 -0.047533 1.0473
0 0.047533 0.99887 -0.02881
1 0 0 0.456
0 0.99859 -0.053077 1.0612
0 0.053077 0.99859 -0.044426
1 0 0 0.456
0 0.99839 -0.056786 1.0744
0 0.056786 0.99839 -0.060443
1 0 0 0.456
0 0.99831 -0.058139 1.0865
0 0.058139 0.99831 -0.076594
1 0 0 0.456
0 0.9984 -0.056612 1.0974
0 0.056612 0.9984 -0.092611
1 0 0 0.456
0 0.99866 -0.05168 1.1069
0 0.05168 0.99866 -0.10823
1 0 0 0.456
0 0.99908 -0.042818 1.1148
0 0.042818 0.99908 -0.12318
1 0 0 0.456
0 0.99956 -0.029497 1.1209
0 0.029497 0.99956 -0.13719
1 0 0 0.456
0 0.99994 -0.011188 1.125
0 0.011188 0.99994 -0.15
1 0 0 0.456
0 1 0 1.127
0 0 1 -0.16212
1 4.2529e-05 -0.0029533 0.456
4.2529e-05 0.99959 0.028794 1.1269
0.0029533 -0.028794 0.99958 -0.17424
0.99994 0.00036859 -0.011051 0.456
0.00036859 0.99778 0.06663 1.1251
0.011051 -0.06663 0.99772 -0.18636
0.99973 0.0013 -0.023133 0.456
0.0013 0.9937 0.11202 1.1216
0.023133 -0.11202 0.99344 -0.19848
0.99927 0.0031279 -0.03801 0.456
0.0031279 0.98655 0.16341 1.1168
0.03801 -0.16341 0.98582 -0.21061
0.9985 0.0060469 -0.054469 0.456
0.0060469 0.97567 0.21916 1.1107
0.054469 -0.21916 0.97417 -0.22273
0.9974 0.010106 -0.071289 0.456
0.010106 0.96065 0.27758 1.1037
0.071289 -0.27758 0.95805 -0.23485
0.99607 0.015177 -0.08726 0.456
0.015177 0.94139 0.33698 1.0958
0.08726 -0.33698 0.93746 -0.24697
0.99464 0.020941 -0.10121 0.456
0.020941 0.91812 0.39575 1.0874
0.10121 -0.39575 0.91276 -0.25909
0.99334 0.026895 -0.11204 0.456
0.026895 0.89141 0.4524 1.0785
0.11204 -0.4524 0.88475 -0.27121
0.9924 0.032371 -0.11873 0.456
0.032371 0.86214 0.50562 1.0694
0.11873 -0.50562 0.85454 -0.28333
0.99206 0.036578 -0.12033 0.456
0.036578 0.83149 0.55432 1.0604
0.12033 -0.55432 0.82355 -0.29545
0.9925 0.038648 -0.11598 0.456
0.038648 0.80086 0.59759 1.0515
0.11598 -0.59759 0.79336 -0.30758
0.99377 0.037693 -0.10484 0.456
0.037693 0.7718 0.63473 1.0431
0.10484 -0.63473 0.76558 -0.3197
0.99574 0.032881 -0.086103 0.456
0.032881 0.74601 0.66511 1.0352
0.086103 -0.66511 0.74175 -0.33182
0.99799 0.023513 -0.05888 0.456
0.023513 0.72521 0.6881 1.0282
0.05888 -0.6881 0.7232 -0.34394
0.99971 0.0091256 -0.022208 0.456
0.0091256 0.71115 0.70295 1.022
0.022208 -0.70295 0.71086 -0.35606
1 -0 0 0.456
0 0.70718 0.707 1.0159
-0 -0.707 0.70718 -0.36818
0.99807 -0.02378 0.05734 0.456
-0.02378 0.7068 0.70699 1.0098
-0.05734 -0.70699 0.70487 -0.3803
0.98961 -0.054248 0.13312 0.456
-0.054248 0.71668 0.69528 1.0038
-0.13312 -0.69528 0.70629 -0.39242
0.97058 -0.088172 0.22405 0.456
-0.088172 0.73575 0.67148 0.99773
-0.22405 -0.67148 0.70633 -0.40455
0.93744 -0.12191 0.32611 0.456
-0.12191 0.76246 0.63544 0.99167
-0.32611 -0.63544 0.6999 -0.41667
0.8878 -0.15175 0.43449 0.456
-0.15175 0.79477 0.58763 0.98561
-0.43449 -0.58763 0.68257 -0.42879
0.82091 -0.17435 0.54379 0.456
-0.17435 0.83027 0.52939 0.97955
-0.54379 -0.52939 0.65117 -0.44091
0.73788 -0.18715 0.64846 0.456
-0.18715 0.86637 0.463 0.97348
-0.64846 -0.463 0.60425 -0.45303
0.6417 -0.18871 0.74338 0.456
-0.18871 0.90061 0.39151 0.96742
-0.74338 -0.39151 0.54231 -0.46515
0.53687 -0.17889 0.82448 0.456
-0.17889 0.9309 0.31847 0.96136
-0.82448 -0.31847 0.46777 -0.47727
0.42888 -0.15895 0.88927 0.456
-0.15895 0.95576 0.24749 0.9553
-0.88927 -0.24749 0.38465 -0.48939
0.32358 -0.13127 0.93705 0.456
-0.13127 0.97452 0.18185 0.94924
-0.93705 -0.18185 0.2981 -0.50152
0.22648 -0.099169 0.96895 0.456
-0.099169 0.98729 0.12422 0.94318
-0.96895 -0.12422 0.21377 -0.51364
0.14241 -0.066406 0.98758 0.456
-0.066406 0.99486 0.076471 0.93712
-0.98758 -0.076471 0.13727 -0.52576
0.075242 -0.036868 0.99648 0.456
-0.036868 0.99853 0.039728 0.93106
-0.99648 -0.039728 0.073772 -0.53788
0.028005 -0.014223 0.99951 0.456
-0.014223 0.99979 0.014625 0.925
-0.99951 -0.014625 0.027796 -0.55
