 1.0000  0.0000  0.0000 199.9981
 0.0000  0.0000  1.0000 297.9973
 0.0000 -1.0000  0.0000  0.0018
 1.0000 -0.0002 -0.0005 199.9765
 0.0005 -0.0368  0.9993 296.4151
-0.0002 -0.9993 -0.0368 -3.0745
 1.0000 -0.0010 -0.0040 199.8188
 0.0038 -0.1370  0.9906 292.3018
-0.0015 -0.9906 -0.1370 -11.5829
 1.0000 -0.0005 -0.0093 199.5747
 0.0088 -0.2840  0.9588 286.2766
-0.0031 -0.9588 -0.2840 -24.2353
 0.9999  0.0028 -0.0145 199.2963
 0.0142 -0.4571  0.8893 278.9444
-0.0042 -0.8894 -0.4571 -39.7583
 0.9998  0.0086 -0.0175 199.0271
 0.0190 -0.6316  0.7750 270.8930
-0.0044 -0.7752 -0.6317 -56.9811
 0.9998  0.0148 -0.0168 198.8243
 0.0220 -0.7834  0.6211 262.6617
-0.0039 -0.6213 -0.7835 -74.8003
 0.9998  0.0184 -0.0124 198.7655
 0.0220 -0.8956  0.4443 254.8026
-0.0029 -0.4445 -0.8958 -92.1051
 0.9998  0.0180 -0.0063 198.9097
 0.0191 -0.9633  0.2677 247.9793
-0.0012 -0.2677 -0.9635 -107.7769
 0.9999  0.0138 -0.0011 199.2571
 0.0138 -0.9934  0.1142 242.9575
 0.0005 -0.1142 -0.9935 -120.7210
 1.0000  0.0071  0.0013 199.7061
 0.0071 -1.0000  0.0043 240.6350
 0.0013 -0.0043 -1.0000 -129.7732
 1.0000  0.0027  0.0014 199.9647
 0.0028 -0.9979 -0.0652 241.3779
 0.0012  0.0652 -0.9979 -135.1565
 1.0000  0.0010  0.0011 200.0274
 0.0011 -0.9937 -0.1119 244.3558
 0.0010  0.1119 -0.9937 -138.2480
 1.0000  0.0002  0.0007 200.0174
 0.0003 -0.9902 -0.1394 249.0226
 0.0007  0.1394 -0.9902 -139.4983
 1.0000 -0.0001  0.0003 199.9711
 0.0000 -0.9886 -0.1502 255.0192
 0.0003  0.1502 -0.9886 -139.3224
 1.0000  0.0000  0.0000 199.9157
 0.0000 -0.9892 -0.1469 262.0033
 0.0000  0.1469 -0.9892 -138.1149
 1.0000  0.0002 -0.0003 199.8698
 0.0002 -0.9913 -0.1317 269.6389
-0.0004  0.1317 -0.9913 -136.2606
 1.0000  0.0004 -0.0006 199.8447
 0.0003 -0.9942 -0.1071 277.5901
-0.0006  0.1071 -0.9942 -134.1421
 1.0000  0.0005 -0.0007 199.8446
 0.0004 -0.9972 -0.0754 285.5229
-0.0008  0.0754 -0.9972 -132.1440
 1.0000  0.0004 -0.0008 199.8671
 0.0004 -0.9992 -0.0389 293.1055
-0.0008  0.0389 -0.9992 -130.6539
 1.0000  0.0002 -0.0007 199.9032
 0.0002 -1.0000 -0.0001 300.0111
-0.0007  0.0001 -1.0000 -130.0607
 1.0000  0.0000 -0.0007 199.9117
 0.0000 -0.9989  0.0465 306.8834
-0.0007 -0.0465 -0.9989 -130.3721
 1.0000 -0.0002 -0.0007 199.8926
-0.0002 -0.9943  0.1062 314.4186
-0.0007 -0.1062 -0.9943 -131.1793
 1.0000 -0.0004 -0.0006 199.8785
-0.0003 -0.9843  0.1765 322.3803
-0.0007 -0.1765 -0.9843 -132.2570
 1.0000 -0.0005 -0.0004 199.8707
-0.0004 -0.9671  0.2544 330.5420
-0.0006 -0.2544 -0.9671 -133.3976
 1.0000 -0.0004 -0.0002 199.8697
-0.0003 -0.9416  0.3368 338.6679
-0.0004 -0.3368 -0.9416 -134.3939
 1.0000 -0.0002 -0.0001 199.8762
-0.0001 -0.9073  0.4204 346.5137
-0.0002 -0.4204 -0.9073 -135.0383
 1.0000  0.0001  0.0000 199.8886
 0.0001 -0.8649  0.5019 353.8300
 0.0000 -0.5019 -0.8649 -135.1221
 1.0000  0.0004 -0.0001 199.9036
 0.0004 -0.8157  0.5784 360.3679
 0.0002 -0.5784 -0.8157 -134.4363
 1.0000  0.0007 -0.0002 199.9176
 0.0007 -0.7619  0.6476 365.8823
 0.0003 -0.6476 -0.7619 -132.7717
 1.0000  0.0010 -0.0005 199.9264
 0.0011 -0.7063  0.7079 370.1276
 0.0004 -0.7079 -0.7063 -129.9200
 1.0000  0.0014 -0.0008 199.9251
 0.0015 -0.6459  0.7634 372.9910
 0.0006 -0.7634 -0.6459 -125.7197
 1.0000  0.0019 -0.0012 199.9188
 0.0020 -0.5767  0.8169 374.6589
 0.0009 -0.8169 -0.5767 -120.3191
 1.0000  0.0021 -0.0016 199.9114
 0.0024 -0.5005  0.8657 375.3363
 0.0011 -0.8657 -0.5005 -113.9572
 1.0000  0.0022 -0.0020 199.9027
 0.0027 -0.4195  0.9078 375.2364
 0.0011 -0.9078 -0.4195 -106.8416
 1.0000  0.0020 -0.0023 199.8939
 0.0029 -0.3364  0.9417 374.5698
 0.0011 -0.9417 -0.3365 -99.1812
 1.0000  0.0017 -0.0025 199.8860
 0.0028 -0.2545  0.9671 373.5465
 0.0010 -0.9671 -0.2545 -91.1830
 1.0000  0.0012 -0.0025 199.8804
 0.0027 -0.1768  0.9842 372.3754
 0.0008 -0.9842 -0.1768 -83.0547
 1.0000  0.0008 -0.0023 199.8778
 0.0023 -0.1065  0.9943 371.2668
 0.0005 -0.9943 -0.1065 -75.0028
 1.0000  0.0004 -0.0019 199.8795
 0.0019 -0.0466  0.9989 370.4308
 0.0003 -0.9989 -0.0466 -67.2324
 1.0000  0.0001 -0.0014 199.8864
 0.0014  0.0001  1.0000 370.0783
 0.0001 -1.0000  0.0001 -59.9489
 1.0000  0.0000 -0.0008 199.8880
 0.0008  0.0284  0.9996 370.0260
 0.0000 -0.9996  0.0284 -52.9660
 1.0000  0.0000 -0.0001 199.8806
 0.0001  0.0378  0.9993 369.9669
 0.0000 -0.9993  0.0378 -45.9679
 1.0000  0.0000  0.0004 199.8746
-0.0004  0.0331  0.9995 369.9186
 0.0000 -0.9995  0.0331 -38.9675
 1.0000  0.0000  0.0007 199.8698
-0.0007  0.0189  0.9998 369.8851
 0.0000 -0.9998  0.0189 -31.9688
 1.0000  0.0000  0.0009 199.8670
-0.0009  0.0000  1.0000 369.8687
 0.0000 -1.0000  0.0000 -24.9728
 1.0000  0.0000  0.0009 199.8663
-0.0009 -0.0189  0.9998 369.8704
 0.0000 -0.9998 -0.0189 -17.9784
 1.0000  0.0000  0.0007 199.8680
-0.0007 -0.0330  0.9995 369.8892
 0.0000 -0.9995 -0.0330 -10.9837
 1.0000  0.0000  0.0004 199.8719
-0.0004 -0.0377  0.9993 369.9236
 0.0000 -0.9993 -0.0377 -3.9880
 1.0000  0.0000 -0.0001 199.8775
 0.0001 -0.0283  0.9996 369.9703
 0.0000 -0.9996 -0.0283  3.0083
 1.0000  0.0000 -0.0007 199.8844
 0.0007  0.0000  1.0000 370.0250
 0.0000 -1.0000  0.0000 10.0006
 1.0000 -0.0002 -0.0013 199.8899
 0.0013  0.0502  0.9987 370.3035
-0.0001 -0.9987  0.0502 17.0239
 1.0000 -0.0006 -0.0017 199.8928
 0.0018  0.1190  0.9929 370.9158
-0.0004 -0.9929  0.1190 24.1007
 1.0000 -0.0011 -0.0019 199.8950
 0.0021  0.2011  0.9796 371.7136
-0.0007 -0.9796  0.2011 31.2120
 1.0000 -0.0016 -0.0020 199.8966
 0.0024  0.2907  0.9568 372.5515
-0.0010 -0.9568  0.2907 38.3359
 1.0000 -0.0020 -0.0019 199.8970
 0.0025  0.3822  0.9241 373.2829
-0.0011 -0.9241  0.3822 45.4504
 1.0000 -0.0022 -0.0017 199.8966
 0.0025  0.4701  0.8826 373.7591
-0.0012 -0.8826  0.4701 52.5314
 1.0000 -0.0022 -0.0015 199.8947
 0.0025  0.5497  0.8353 373.8299
-0.0010 -0.8353  0.5498 59.5531
 1.0000 -0.0019 -0.0013 199.8910
 0.0023  0.6173  0.7867 373.3440
-0.0007 -0.7867  0.6173 66.4865
 1.0000 -0.0015 -0.0012 199.8838
 0.0019  0.6703  0.7421 372.1499
-0.0003 -0.7421  0.6703 73.2977
 1.0000 -0.0009 -0.0010 199.8717
 0.0014  0.7069  0.7073 370.0942
 0.0001 -0.7073  0.7069 79.9456
 1.0000 -0.0004 -0.0008 199.8531
 0.0008  0.7292  0.6843 367.0875
 0.0003 -0.6843  0.7292 86.4302
 1.0000 -0.0001 -0.0005 199.8326
 0.0005  0.7417  0.6707 363.2400
 0.0003 -0.6707  0.7417 92.7899
 1.0000  0.0000 -0.0003 199.8128
 0.0002  0.7467  0.6651 358.6956
 0.0002 -0.6651  0.7467 99.0338
 1.0000  0.0000  0.0000 199.7941
-0.0001  0.7459  0.6660 353.6071
 0.0000 -0.6660  0.7459 105.1685
 1.0000  0.0000  0.0003 199.7775
-0.0002  0.7409  0.6716 348.1255
-0.0002 -0.6716  0.7409 111.1995
 1.0000  0.0000  0.0005 199.7639
-0.0003  0.7332  0.6801 342.4005
-0.0003 -0.6801  0.7332 117.1319
 1.0000  0.0000  0.0005 199.7535
-0.0004  0.7242  0.6896 336.5826
-0.0004 -0.6896  0.7242 122.9696
 1.0000  0.0000  0.0005 199.7465
-0.0003  0.7158  0.6984 330.8206
-0.0004 -0.6984  0.7158 128.7149
 1.0000  0.0000  0.0003 199.7431
-0.0002  0.7094  0.7048 325.2645
-0.0002 -0.7048  0.7094 134.3679
 1.0000  0.0000  0.0001 199.7435
-0.0001  0.7069  0.7073 320.0623
 0.0000 -0.7073  0.7069 139.9272
 1.0000 -0.0008 -0.0011 199.7460
 0.0014  0.7094  0.7048 315.0908
 0.0002 -0.7048  0.7094 145.2596
 1.0000 -0.0030 -0.0034 199.7441
 0.0046  0.7156  0.6984 310.1150
 0.0003 -0.6985  0.7157 150.2838
 1.0000 -0.0061 -0.0063 199.7382
 0.0088  0.7241  0.6897 305.1253
 0.0004 -0.6897  0.7241 155.0838
 0.9999 -0.0093 -0.0092 199.7295
 0.0131  0.7330  0.6801 300.1186
 0.0004 -0.6802  0.7330 159.7519
 0.9999 -0.0122 -0.0116 199.7203
 0.0169  0.7407  0.6716 295.0901
 0.0004 -0.6717  0.7408 164.3812
 0.9998 -0.0141 -0.0130 199.7137
 0.0192  0.7459  0.6658 290.0362
 0.0003 -0.6659  0.7460 169.0636
 0.9998 -0.0144 -0.0129 199.7135
 0.0193  0.7469  0.6647 284.9546
 0.0001 -0.6648  0.7470 173.8886
 0.9999 -0.0124 -0.0109 199.7210
 0.0165  0.7422  0.6700 279.8522
-0.0002 -0.6700  0.7423 178.9404
 0.9999 -0.0079 -0.0062 199.7342
 0.0100  0.7300  0.6833 274.7439
-0.0008 -0.6834  0.7301 184.2982
 1.0000 -0.0004  0.0019 199.7471
-0.0010  0.7081  0.7061 269.6428
-0.0017 -0.7061  0.7081 190.0452
 0.9998  0.0102  0.0158 199.7090
-0.0185  0.6720  0.7403 264.2428
-0.0031 -0.7405  0.6720 196.8934
 0.9991  0.0227  0.0361 199.6393
-0.0424  0.6191  0.7841 258.4733
-0.0045 -0.7850  0.6195 205.1639
 0.9975  0.0348  0.0616 199.5970
-0.0706  0.5509  0.8316 252.6418
-0.0050 -0.8339  0.5520 214.3341
 0.9948  0.0438  0.0915 199.5789
-0.1013  0.4701  0.8768 246.8692
-0.0047 -0.8815  0.4721 223.8773
 0.9911  0.0476  0.1245 199.5948
-0.1332  0.3809  0.9150 241.2650
-0.0039 -0.9234  0.3838 233.2648
 0.9863  0.0452  0.1584 199.6472
-0.1647  0.2883  0.9433 235.9424
-0.0030 -0.9565  0.2918 241.9756
 0.9809  0.0371  0.1908 199.7292
-0.1944  0.1984  0.9607 231.0217
-0.0022 -0.9794  0.2018 249.5002
 0.9753  0.0249  0.2196 199.8265
-0.2210  0.1168  0.9683 226.6300
-0.0016 -0.9928  0.1194 255.3393
 0.9700  0.0113  0.2427 199.9184
-0.2429  0.0492  0.9688 222.9065
-0.0010 -0.9987  0.0504 258.9992
 0.9659 -0.0005  0.2589 199.9792
-0.2589  0.0002  0.9659 219.9952
-0.0005 -1.0000  0.0001 259.9901
 0.9631 -0.0088  0.2688 199.9811
-0.2690 -0.0307  0.9627 217.9879
-0.0002 -0.9995 -0.0319 258.0819
 0.9615 -0.0139  0.2745 199.9297
-0.2749 -0.0485  0.9602 216.7930
 0.0000 -0.9987 -0.0505 253.6630
 0.9608 -0.0161  0.2769 199.8491
-0.2773 -0.0558  0.9592 216.2733
 0.0000 -0.9983 -0.0581 247.1743
 0.9609 -0.0158  0.2766 199.7605
-0.2770 -0.0548  0.9593 216.2838
 0.0000 -0.9984 -0.0570 239.0590
 0.9615 -0.0136  0.2744 199.6818
-0.2747 -0.0477  0.9603 216.6768
 0.0000 -0.9988 -0.0496 229.7613
 0.9625 -0.0104  0.2710 199.6297
-0.2712 -0.0367  0.9618 217.3031
-0.0001 -0.9993 -0.0382 219.7247
 0.9637 -0.0069  0.2670 199.6195
-0.2671 -0.0242  0.9634 218.0127
-0.0002 -0.9997 -0.0251 209.3909
 0.9648 -0.0036  0.2631 199.6634
-0.2631 -0.0122  0.9647 218.6565
-0.0003 -0.9999 -0.0127 199.1996
 0.9656 -0.0011  0.2602 199.7669
-0.2602 -0.0031  0.9656 219.0862
-0.0003 -1.0000 -0.0033 189.5860
 0.9659  0.0000  0.2589 199.9180
-0.2589  0.0007  0.9659 219.1607
-0.0002 -1.0000  0.0007 180.9709
 0.9658  0.0003  0.2591 200.0612
-0.2591  0.0013  0.9658 218.8008
-0.0001 -1.0000  0.0014 173.0835
 0.9656  0.0005  0.2601 199.8701
-0.2601  0.0019  0.9656 218.0566
 0.0000 -1.0000  0.0020 165.0198
 0.9664 -0.0008  0.2572 198.2876
-0.2572 -0.0042  0.9664 220.1814
 0.0003 -1.0000 -0.0043 155.0752
 0.9661 -0.0002  0.2583 199.6154
-0.2583 -0.0015  0.9661 220.3077
 0.0001 -1.0000 -0.0015 147.6447
 0.9661 -0.0002  0.2582 199.6071
-0.2582 -0.0015  0.9661 220.2738
 0.0002 -1.0000 -0.0015 139.6375
 0.9660 -0.0001  0.2585 199.6925
-0.2585 -0.0011  0.9660 220.1708
 0.0002 -1.0000 -0.0011 131.7461
 0.9660 -0.0001  0.2586 199.7275
-0.2586 -0.0008  0.9660 220.1211
 0.0001 -1.0000 -0.0008 123.8011
 0.9660 -0.0001  0.2587 199.7533
-0.2587 -0.0007  0.9660 220.0853
 0.0001 -1.0000 -0.0007 115.8424
 0.9659 -0.0001  0.2588 199.7709
-0.2588 -0.0005  0.9659 220.0606
 0.0001 -1.0000 -0.0005 107.8733
 0.9659 -0.0001  0.2588 199.7838
-0.2588 -0.0005  0.9659 220.0431
 0.0001 -1.0000 -0.0005 99.8972
 0.9659 -0.0001  0.2589 199.7933
-0.2589 -0.0004  0.9659 220.0303
 0.0000 -1.0000 -0.0004 91.9165
 0.9659 -0.0001  0.2589 199.8006
-0.2589 -0.0003  0.9659 220.0205
 0.0000 -1.0000 -0.0003 83.9323
 0.9659  0.0000  0.2589 199.8063
-0.2589 -0.0003  0.9659 220.0131
 0.0000 -1.0000 -0.0003 75.9457
 0.9659  0.0000  0.2589 199.8108
-0.2589 -0.0002  0.9659 220.0069
 0.0000 -1.0000 -0.0002 67.9572
 0.9659  0.0000  0.2590 199.8145
-0.2590 -0.0002  0.9659 220.0023
 0.0000 -1.0000 -0.0002 59.9673
 0.9659  0.0000  0.2590 199.8178
-0.2590 -0.0001  0.9659 219.9976
 0.0000 -1.0000 -0.0001 51.9762
 0.9659  0.0000  0.2590 199.8206
-0.2590 -0.0001  0.9659 219.9942
 0.0000 -1.0000 -0.0001 43.9840
 0.9659  0.0000  0.2590 199.8229
-0.2590 -0.0001  0.9659 219.9907
 0.0000 -1.0000 -0.0001 35.9915
 0.9659  0.0000  0.2590 199.8253
-0.2590 -0.0001  0.9659 219.9873
 0.0000 -1.0000 -0.0001 27.9981
 0.9659  0.0000  0.2590 199.8274
-0.2590  0.0000  0.9659 219.9842
 0.0000 -1.0000  0.0000 20.0044
 0.9659  0.0000  0.2590 199.8292
-0.2590  0.0000  0.9659 219.9812
 0.0000 -1.0000  0.0000 12.0104
 0.9659  0.0000  0.2590 199.8312
-0.2590  0.0000  0.9659 219.9776
 0.0000 -1.0000  0.0000  4.0159
 0.9659  0.0000  0.2590 199.8328
-0.2590  0.0000  0.9659 219.9744
 0.0000 -1.0000  0.0000 -3.9786
 0.9659  0.0000  0.2590 199.8346
-0.2590  0.0001  0.9659 219.9707
 0.0000 -1.0000  0.0001 -11.9734
 0.9659  0.0000  0.2590 199.8361
-0.2590  0.0001  0.9659 219.9671
 0.0000 -1.0000  0.0001 -19.9683
 0.9659  0.0000  0.2591 199.8376
-0.2591  0.0001  0.9659 219.9631
 0.0000 -1.0000  0.0001 -27.9634
 0.9659  0.0000  0.2591 199.8390
-0.2591  0.0001  0.9659 219.9592
 0.0000 -1.0000  0.0001 -35.9584
 0.9659  0.0000  0.2591 199.8403
-0.2591  0.0001  0.9659 219.9553
 0.0000 -1.0000  0.0002 -43.9535
 0.9659  0.0001  0.2591 199.8414
-0.2591  0.0002  0.9659 219.9506
 0.0000 -1.0000  0.0002 -51.9488
 0.9659  0.0001  0.2591 199.8425
-0.2591  0.0002  0.9659 219.9460
 0.0000 -1.0000  0.0002 -59.9440
 0.9660  0.0001  0.2585 199.8325
-0.2585  0.0002  0.9660 220.0271
 0.0000 -1.0000  0.0003 -68.2050
 0.9664  0.0001  0.2570 199.8157
-0.2570  0.0003  0.9664 220.2443
 0.0000 -1.0000  0.0003 -76.8824
 0.9670  0.0001  0.2549 199.8060
-0.2549  0.0004  0.9670 220.5422
 0.0000 -1.0000  0.0004 -85.8023
 0.9675  0.0001  0.2527 199.8042
-0.2527  0.0004  0.9675 220.8614
 0.0000 -1.0000  0.0004 -94.7854
 0.9681  0.0001  0.2507 199.8105
-0.2507  0.0004  0.9681 221.1428
 0.0000 -1.0000  0.0004 -103.6532
 0.9684  0.0001  0.2494 199.8239
-0.2494  0.0004  0.9684 221.3288
 0.0000 -1.0000  0.0004 -112.2263
 0.9684  0.0001  0.2492 199.8442
-0.2492  0.0003  0.9684 221.3592
 0.0000 -1.0000  0.0004 -120.3250
 0.9681  0.0001  0.2505 199.8696
-0.2505  0.0002  0.9681 221.1759
 0.0000 -1.0000  0.0003 -127.7689
 0.9673  0.0001  0.2536 199.8981
-0.2536  0.0001  0.9673 220.7192
 0.0000 -1.0000  0.0001 -134.3757
 0.9659  0.0000  0.2590 199.9272
-0.2590  0.0000  0.9659 219.9285
 0.0000 -1.0000  0.0000 -139.9632
 0.9637  0.0000  0.2670 199.9488
-0.2670 -0.0001  0.9637 218.7572
 0.0000 -1.0000 -0.0001 -144.5862
 0.9607  0.0000  0.2775 199.9613
-0.2775 -0.0001  0.9607 217.2405
 0.0000 -1.0000 -0.0001 -148.4643
 0.9571  0.0000  0.2898 199.9701
-0.2898 -0.0001  0.9571 215.4417
 0.0000 -1.0000 -0.0001 -151.6599
 0.9528  0.0000  0.3036 199.9759
-0.3036 -0.0001  0.9528 213.4215
 0.0000 -1.0000 -0.0001 -154.2337
 0.9480  0.0000  0.3184 199.9796
-0.3184 -0.0001  0.9480 211.2394
 0.0000 -1.0000 -0.0001 -156.2461
 0.9427  0.0000  0.3336 199.9823
-0.3336 -0.0001  0.9427 208.9550
 0.0000 -1.0000 -0.0001 -157.7576
 0.9371  0.0000  0.3489 199.9842
-0.3489 -0.0001  0.9371 206.6291
 0.0000 -1.0000 -0.0001 -158.8286
 0.9315  0.0000  0.3638 199.9857
-0.3638  0.0000  0.9315 204.3218
 0.0000 -1.0000  0.0000 -159.5191
 0.9258  0.0000  0.3779 199.9874
-0.3779  0.0000  0.9258 202.0930
 0.0000 -1.0000  0.0000 -159.8893
 0.9205  0.0000  0.3907 199.9893
-0.3907  0.0000  0.9205 200.0033
 0.0000 -1.0000  0.0000 -159.9996
 0.9152  0.0000  0.4031 199.9895
-0.4031  0.0000  0.9152 197.9136
 0.0000 -1.0000  0.0000 -159.8896
 0.9094  0.0000  0.4159 199.9880
-0.4159  0.0000  0.9094 195.6837
 0.0000 -1.0000  0.0000 -159.5196
 0.9034  0.0000  0.4288 199.9863
-0.4288  0.0001  0.9034 193.3737
 0.0000 -1.0000  0.0001 -158.8298
 0.8972  0.0000  0.4416 199.9843
-0.4416  0.0001  0.8972 191.0423
 0.0000 -1.0000  0.0001 -157.7600
 0.8910  0.0000  0.4540 199.9817
-0.4540  0.0001  0.8910 188.7492
 0.0000 -1.0000  0.0001 -156.2498
 0.8850  0.0000  0.4657 199.9779
-0.4657  0.0001  0.8850 186.5544
 0.0000 -1.0000  0.0001 -154.2395
 0.8792  0.0000  0.4764 199.9722
-0.4764  0.0002  0.8792 184.5174
 0.0000 -1.0000  0.0002 -151.6682
 0.8740  0.0001  0.4859 199.9638
-0.4859  0.0002  0.8740 182.6975
 0.0000 -1.0000  0.0002 -148.4756
 0.8695  0.0001  0.4939 199.9521
-0.4939  0.0002  0.8695 181.1549
 0.0000 -1.0000  0.0002 -144.6010
 0.8659  0.0001  0.5002 199.9358
-0.5002  0.0002  0.8659 179.9500
 0.0000 -1.0000  0.0002 -139.9836
 0.8634  0.0002  0.5045 199.9091
-0.5045  0.0002  0.8634 179.1184
 0.0000 -1.0000  0.0003 -134.4009
 0.8619  0.0002  0.5071 199.8742
-0.5071  0.0002  0.8619 178.6258
 0.0001 -1.0000  0.0003 -127.7930
 0.8612  0.0002  0.5082 199.8406
-0.5082  0.0003  0.8612 178.4207
 0.0001 -1.0000  0.0003 -120.3442
 0.8613  0.0003  0.5081 199.8116
-0.5081  0.0003  0.8613 178.4444
 0.0001 -1.0000  0.0004 -112.2375
 0.8619  0.0003  0.5071 199.7897
-0.5071  0.0003  0.8619 178.6355
 0.0001 -1.0000  0.0004 -103.6555
 0.8627  0.0003  0.5056 199.7763
-0.5056  0.0003  0.8627 178.9327
 0.0001 -1.0000  0.0004 -94.7798
 0.8638  0.0003  0.5039 199.7722
-0.5039  0.0003  0.8638 179.2734
 0.0001 -1.0000  0.0003 -85.7907
 0.8647  0.0002  0.5022 199.7770
-0.5022  0.0002  0.8647 179.5968
 0.0001 -1.0000  0.0003 -76.8671
 0.8655  0.0002  0.5009 199.7901
-0.5009  0.0002  0.8655 179.8413
 0.0001 -1.0000  0.0003 -68.1879
 0.8658  0.0002  0.5004 199.8107
-0.5004  0.0002  0.8658 179.9462
 0.0000 -1.0000  0.0002 -59.9312
 0.8658  0.0001  0.5004 199.8231
-0.5004  0.0002  0.8658 179.9555
 0.0000 -1.0000  0.0002 -51.9408
 0.8658  0.0001  0.5004 199.8232
-0.5004  0.0001  0.8658 179.9610
 0.0000 -1.0000  0.0002 -43.9461
 0.8658  0.0001  0.5003 199.8230
-0.5003  0.0001  0.8658 179.9662
 0.0000 -1.0000  0.0001 -35.9516
 0.8658  0.0001  0.5003 199.8225
-0.5003  0.0001  0.8658 179.9706
 0.0000 -1.0000  0.0001 -27.9571
 0.8658  0.0000  0.5003 199.8218
-0.5003  0.0001  0.8658 179.9754
 0.0000 -1.0000  0.0001 -19.9628
 0.8658  0.0000  0.5003 199.8209
-0.5003  0.0001  0.8658 179.9793
 0.0000 -1.0000  0.0001 -11.9686
 0.8659  0.0000  0.5003 199.8196
-0.5003  0.0000  0.8659 179.9834
 0.0000 -1.0000  0.0000 -3.9743
 0.8659  0.0000  0.5003 199.8181
-0.5003  0.0000  0.8659 179.9870
 0.0000 -1.0000  0.0000  4.0197
 0.8659  0.0000  0.5003 199.8165
-0.5003  0.0000  0.8659 179.9908
 0.0000 -1.0000  0.0000 12.0137
 0.8659 -0.0001  0.5003 199.8144
-0.5003  0.0000  0.8659 179.9943
 0.0000 -1.0000 -0.0001 20.0075
 0.8659 -0.0001  0.5003 199.8122
-0.5003 -0.0001  0.8659 179.9978
 0.0000 -1.0000 -0.0001 28.0011
 0.8659 -0.0001  0.5003 199.8097
-0.5003 -0.0001  0.8659 180.0011
 0.0000 -1.0000 -0.0001 35.9945
 0.8659 -0.0001  0.5003 199.8069
-0.5003 -0.0001  0.8659 180.0043
 0.0000 -1.0000 -0.0002 43.9876
 0.8659 -0.0001  0.5002 199.8038
-0.5002 -0.0002  0.8659 180.0074
 0.0000 -1.0000 -0.0002 51.9803
 0.8659 -0.0001  0.5002 199.8001
-0.5002 -0.0002  0.8659 180.0106
 0.0000 -1.0000 -0.0002 59.9724
 0.8659 -0.0001  0.5002 199.7958
-0.5002 -0.0002  0.8659 180.0141
 0.0000 -1.0000 -0.0003 67.9639
 0.8659 -0.0001  0.5002 199.7909
-0.5002 -0.0003  0.8659 180.0175
 0.0000 -1.0000 -0.0003 75.9544
 0.8659 -0.0002  0.5002 199.7848
-0.5002 -0.0003  0.8659 180.0212
 0.0000 -1.0000 -0.0003 83.9438
 0.8659 -0.0002  0.5002 199.7773
-0.5002 -0.0004  0.8659 180.0254
 0.0000 -1.0000 -0.0004 91.9320
 0.8659 -0.0002  0.5002 199.7681
-0.5002 -0.0004  0.8659 180.0297
 0.0001 -1.0000 -0.0005 99.9182
 0.8659 -0.0002  0.5002 199.7563
-0.5002 -0.0005  0.8659 180.0342
 0.0001 -1.0000 -0.0005 107.9024
 0.8659 -0.0002  0.5002 199.7411
-0.5002 -0.0006  0.8659 180.0380
 0.0001 -1.0000 -0.0006 115.8837
 0.8659 -0.0002  0.5002 199.7211
-0.5002 -0.0007  0.8659 180.0404
 0.0001 -1.0000 -0.0007 123.8618
 0.8659 -0.0003  0.5001 199.6946
-0.5001 -0.0008  0.8659 180.0382
 0.0002 -1.0000 -0.0008 131.8364
 0.8659 -0.0003  0.5002 199.6602
-0.5002 -0.0009  0.8659 180.0247
 0.0002 -1.0000 -0.0010 139.8085
 0.8659 -0.0004  0.5002 199.6172
-0.5002 -0.0011  0.8659 179.9853
 0.0002 -1.0000 -0.0011 147.7842
 0.8658 -0.0004  0.5003 199.5730
-0.5003 -0.0011  0.8658 179.8913
 0.0002 -1.0000 -0.0011 155.7818
 0.8657 -0.0004  0.5005 199.5573
-0.5005 -0.0009  0.8657 179.7038
 0.0001 -1.0000 -0.0009 163.8479
 0.8656 -0.0002  0.5007 199.6272
-0.5007 -0.0003  0.8656 179.4498
 0.0000 -1.0000 -0.0004 172.0391
 0.8657 -0.0001  0.5006 199.7716
-0.5006  0.0002  0.8657 179.3340
-0.0002 -1.0000  0.0001 180.2792
 0.8652 -0.0001  0.5014 199.8413
-0.5014  0.0003  0.8652 179.1956
-0.0002 -1.0000  0.0002 188.7882
 0.8638 -0.0001  0.5038 199.8307
-0.5038  0.0003  0.8638 178.8104
-0.0003 -1.0000  0.0002 197.7807
 0.8619 -0.0002  0.5072 199.8005
-0.5072  0.0001  0.8619 178.2928
-0.0002 -1.0000  0.0000 207.0189
 0.8597 -0.0002  0.5108 199.7743
-0.5108 -0.0001  0.8597 177.7282
-0.0001 -1.0000 -0.0001 216.2984
 0.8577 -0.0002  0.5141 199.7643
-0.5141 -0.0002  0.8577 177.2317
-0.0001 -1.0000 -0.0003 225.3980
 0.8565 -0.0002  0.5162 199.7725
-0.5162 -0.0003  0.8565 176.9238
 0.0000 -1.0000 -0.0004 234.0889
 0.8562 -0.0001  0.5166 199.7963
-0.5166 -0.0004  0.8562 176.9258
 0.0001 -1.0000 -0.0004 242.1378
 0.8575 -0.0001  0.5145 199.8318
-0.5145 -0.0004  0.8575 177.3582
 0.0001 -1.0000 -0.0004 249.3089
 0.8606 -0.0001  0.5092 199.8734
-0.5092 -0.0004  0.8606 178.3412
 0.0001 -1.0000 -0.0004 255.3657
 0.8660  0.0000  0.5001 199.9148
-0.5001 -0.0003  0.8660 179.9943
 0.0001 -1.0000 -0.0003 260.0708
 0.8737 -0.0001  0.4865 199.9323
-0.4865 -0.0003  0.8737 182.3934
 0.0001 -1.0000 -0.0003 263.8662
 0.8832 -0.0001  0.4689 199.9335
-0.4689 -0.0003  0.8832 185.4645
 0.0001 -1.0000 -0.0003 267.2266
 0.8941 -0.0001  0.4479 199.9378
-0.4479 -0.0003  0.8941 189.0916
 0.0000 -1.0000 -0.0003 269.9863
 0.9057 -0.0001  0.4239 199.9437
-0.4239 -0.0002  0.9057 193.1535
 0.0000 -1.0000 -0.0002 271.9973
 0.9175 -0.0001  0.3978 199.9497
-0.3978 -0.0001  0.9175 197.5304
-0.0001 -1.0000 -0.0002 273.1118
 0.9290 -0.0001  0.3701 199.9530
-0.3701 -0.0001  0.9290 202.1016
-0.0001 -1.0000 -0.0001 273.1816
 0.9399 -0.0001  0.3416 199.9504
-0.3416  0.0000  0.9399 206.7474
-0.0001 -1.0000  0.0000 272.0589
 0.9498 -0.0001  0.3130 199.9378
-0.3130  0.0001  0.9498 211.3453
-0.0002 -1.0000  0.0001 269.5969
 0.9585 -0.0001  0.2851 199.9101
-0.2851  0.0002  0.9585 215.7743
-0.0002 -1.0000  0.0001 265.6493
 0.9659 -0.0001  0.2588 199.8615
-0.2588  0.0002  0.9659 219.9115
-0.0002 -1.0000  0.0002 260.0727
 0.9727 -0.0001  0.2322 199.7652
-0.2322  0.0003  0.9727 223.8378
-0.0002 -1.0000  0.0002 252.4325
 0.9790 -0.0002  0.2037 199.6240
-0.2037  0.0004  0.9790 227.7232
-0.0003 -1.0000  0.0004 242.6439
 0.9847 -0.0002  0.1740 199.4764
-0.1740  0.0007  0.9847 231.5719
-0.0004 -1.0000  0.0006 231.0915
 0.9896 -0.0003  0.1438 199.3441
-0.1438  0.0012  0.9896 235.3648
-0.0005 -1.0000  0.0011 218.1828
 0.9935 -0.0004  0.1139 199.2564
-0.1139  0.0020  0.9935 239.0540
-0.0006 -1.0000  0.0019 204.3397
 0.9963 -0.0003  0.0854 199.2616
-0.0854  0.0034  0.9963 242.5211
-0.0006 -1.0000  0.0034 190.0044
 0.9982  0.0001  0.0594 199.4091
-0.0594  0.0056  0.9982 245.4761
-0.0002 -1.0000  0.0056 175.5596
 0.9994  0.0007  0.0359 198.8054
-0.0359  0.0042  0.9993 248.3822
 0.0005 -1.0000  0.0042 159.9203
 1.0000  0.0007  0.0098 196.9146
-0.0098 -0.0101  0.9999 257.3956
 0.0008 -0.9999 -0.0101 141.3148
 1.0000  0.0000  0.0002 199.4162
-0.0002 -0.0013  1.0000 260.1555
 0.0000 -1.0000 -0.0013 129.5444
 0.9999  0.0003 -0.0112 197.8232
 0.0112 -0.0025  0.9999 264.3742
 0.0002 -1.0000 -0.0025 115.8282
 0.9999  0.0004 -0.0171 194.3785
 0.0171 -0.0030  0.9998 268.7016
 0.0003 -1.0000 -0.0030 101.4115
 0.9998  0.0004 -0.0194 189.7547
 0.0194 -0.0032  0.9998 273.2211
 0.0004 -1.0000 -0.0032 86.4885
 0.9998  0.0004 -0.0187 184.8684
 0.0187 -0.0031  0.9998 277.8191
 0.0004 -1.0000 -0.0031 71.4530
 0.9999  0.0003 -0.0160 180.6078
 0.0160 -0.0027  0.9999 282.3752
 0.0003 -1.0000 -0.0027 56.6733
 0.9999  0.0002 -0.0121 177.8708
 0.0121 -0.0021  0.9999 286.7567
 0.0002 -1.0000 -0.0021 42.5270
 1.0000  0.0001 -0.0077 177.5551
 0.0077 -0.0013  1.0000 290.8185
 0.0000 -1.0000 -0.0013 29.3976
 1.0000  0.0000 -0.0037 180.5544
 0.0037 -0.0005  1.0000 294.4066
 0.0000 -1.0000 -0.0005 17.6716
 1.0000  0.0000 -0.0008 187.7573
 0.0008  0.0002  1.0000 297.3559
 0.0000 -1.0000  0.0002  7.7386
 1.0000  0.0000  0.0003 200.0514
-0.0003  0.0007  1.0000 299.4879
 0.0000 -1.0000  0.0007 -0.0047
 1.0000  0.0001 -0.0005 200.4299
 0.0005 -0.0024  1.0000 299.8401
 0.0001 -1.0000 -0.0024  0.0031
 1.0000  0.0000 -0.0012 200.7260
 0.0012 -0.0048  1.0000 300.1165
 0.0000 -1.0000 -0.0048  0.0104
 1.0000  0.0000 -0.0016 200.9385
 0.0016 -0.0065  1.0000 300.3201
 0.0000 -1.0000 -0.0065  0.0169
 1.0000 -0.0001 -0.0019 201.0666
 0.0019 -0.0076  1.0000 300.4541
-0.0001 -1.0000 -0.0076  0.0222
 1.0000 -0.0001 -0.0020 201.1087
 0.0020 -0.0080  1.0000 300.5216
-0.0001 -1.0000 -0.0080  0.0258
 1.0000 -0.0002 -0.0019 201.0642
 0.0019 -0.0077  1.0000 300.5261
-0.0002 -1.0000 -0.0077  0.0273
 1.0000 -0.0002 -0.0017 200.9323
 0.0017 -0.0068  1.0000 300.4708
-0.0002 -1.0000 -0.0068  0.0256
 1.0000 -0.0002 -0.0013 200.7119
 0.0013 -0.0052  1.0000 300.3596
-0.0002 -1.0000 -0.0052  0.0202
 1.0000 -0.0001 -0.0007 200.4029
 0.0007 -0.0029  1.0000 300.1953
-0.0001 -1.0000 -0.0029  0.0102
 1.0000  0.0000  0.0001 200.0051
-0.0001  0.0000  1.0000 299.9819
 0.0000 -1.0000  0.0000 -0.0054
 0.9992 -0.0408 -0.0006 202.2960
 0.0021  0.0367  0.9993 301.2237
-0.0408 -0.9985  0.0368  1.6220
 0.9884 -0.1519 -0.0083 207.9860
 0.0288  0.1338  0.9906 305.3459
-0.1494 -0.9793  0.1366  6.1616
 0.9493 -0.3137 -0.0217 216.2259
 0.1082  0.2610  0.9593 311.2972
-0.2953 -0.9129  0.2817 13.3782
 0.8635 -0.5028 -0.0384 226.2923
 0.2572  0.3737  0.8912 317.5537
-0.4337 -0.7795  0.4520 22.7287
 0.7200 -0.6920 -0.0528 237.6093
 0.4650  0.4246  0.7769 322.2956
-0.5152 -0.5839  0.6274 33.6412
 0.5277 -0.8481 -0.0481 251.7574
 0.6842  0.3908  0.6157 323.9433
-0.5034 -0.3578  0.7865 46.4876
 0.3253 -0.9454 -0.0187 269.5442
 0.8528  0.2847  0.4377 328.4238
-0.4085 -0.1583  0.8989 54.4148
 0.1300 -0.9915 -0.0059 283.0903
 0.9575  0.1240  0.2606 336.1067
-0.2576 -0.0395  0.9654 56.6792
-0.0445 -0.9990 -0.0037 293.4743
 0.9932 -0.0446  0.1074 342.3424
-0.1074  0.0011  0.9942 59.2554
-0.1681 -0.9858 -0.0013 300.2645
 0.9858 -0.1681 -0.0001 348.1375
-0.0001 -0.0013  1.0000 60.0319
-0.2403 -0.9707 -0.0006 304.1685
 0.9687 -0.2398 -0.0637 352.0510
 0.0617 -0.0159  0.9980 58.7652
-0.2828 -0.9592  0.0001 306.1743
 0.9543 -0.2813 -0.1010 354.4835
 0.0969 -0.0285  0.9949 55.5379
-0.2984 -0.9544  0.0001 307.1800
 0.9481 -0.2964 -0.1155 356.2107
 0.1103 -0.0344  0.9933 50.7764
-0.2957 -0.9553  0.0000 307.1420
 0.9492 -0.2939 -0.1129 357.3551
 0.1078 -0.0334  0.9936 44.6525
-0.2800 -0.9600 -0.0001 306.1833
 0.9554 -0.2787 -0.0980 358.0643
 0.0941 -0.0276  0.9952 37.5512
-0.2565 -0.9666  0.0000 304.5742
 0.9638 -0.2557 -0.0751 358.4940
 0.0726 -0.0193  0.9972 29.7517
-0.2287 -0.9735 -0.0001 302.9143
 0.9723 -0.2284 -0.0493 358.8250
 0.0480 -0.0113  0.9988 21.7835
-0.2022 -0.9793 -0.0001 301.3706
 0.9790 -0.2021 -0.0251 359.1375
 0.0245 -0.0052  0.9997 13.9369
-0.1822 -0.9833 -0.0001 300.2503
 0.9832 -0.1822 -0.0071 359.5080
 0.0070 -0.0014  1.0000  6.5646
-0.1737 -0.9848  0.0000 299.9367
 0.9848 -0.1737 -0.0001 359.9862
 0.0000 -0.0001  1.0000  0.0312
-0.1735 -0.9848  0.0000 299.9405
 0.9848 -0.1735 -0.0071 360.5647
 0.0070 -0.0012  1.0000 -6.0892
-0.1729 -0.9849  0.0000 299.9459
 0.9846 -0.1729 -0.0250 361.2001
 0.0247 -0.0043  0.9997 -12.3257
-0.1725 -0.9850  0.0000 299.9547
 0.9838 -0.1723 -0.0492 361.8319
 0.0485 -0.0085  0.9988 -18.6460
-0.1724 -0.9850  0.0000 299.9564
 0.9823 -0.1719 -0.0749 362.3925
 0.0738 -0.0130  0.9972 -24.9830
-0.1726 -0.9850 -0.0001 299.9538
 0.9803 -0.1718 -0.0976 362.8062
 0.0961 -0.0169  0.9952 -31.2758
-0.1737 -0.9848  0.0000 299.8261
 0.9785 -0.1726 -0.1129 362.9848
 0.1112 -0.0196  0.9936 -37.4283
-0.1737 -0.9848  0.0000 299.8676
 0.9783 -0.1725 -0.1152 362.8853
 0.1134 -0.0200  0.9933 -43.4677
-0.1734 -0.9848  0.0000 299.9272
 0.9799 -0.1725 -0.1002 362.3936
 0.0987 -0.0174  0.9950 -49.2902
-0.1739 -0.9848  0.0000 299.9612
 0.9828 -0.1736 -0.0637 361.3902
 0.0627 -0.0111  0.9980 -54.8092
-0.1752 -0.9845  0.0000 299.7652
 0.9845 -0.1752 -0.0008 359.7710
 0.0007 -0.0002  1.0000 -59.9136
-0.1750 -0.9846 -0.0007 299.7517
 0.9797 -0.1742  0.0993 357.4692
-0.0979  0.0167  0.9951 -64.8839
-0.1729 -0.9849 -0.0023 299.9031
 0.9570 -0.1686  0.2359 354.5527
-0.2328  0.0386  0.9718 -69.8234
-0.1647 -0.9863 -0.0027 300.6661
 0.9055 -0.1522  0.3962 351.2497
-0.3912  0.0628  0.9182 -74.6950
-0.1617 -0.9868  0.0013 300.7983
 0.8189 -0.1335  0.5581 347.8170
-0.5506  0.0913  0.8297 -78.8678
-0.1609 -0.9870  0.0025 300.9012
 0.6979 -0.1120  0.7074 344.2300
-0.6979  0.1156  0.7068 -82.8045
-0.1615 -0.9869  0.0032 300.8834
 0.5506 -0.0874  0.8302 340.6173
-0.8190  0.1358  0.5575 -86.5528
-0.1635 -0.9865  0.0032 300.7389
 0.3906 -0.0618  0.9185 336.9387
-0.9059  0.1515  0.3955 -90.1705
-0.1690 -0.9856  0.0000 300.2404
 0.2337 -0.0400  0.9715 332.9843
-0.9575  0.1642  0.2371 -93.6098
-0.1689 -0.9856  0.0020 300.3193
 0.1004 -0.0151  0.9948 329.1614
-0.9805  0.1682  0.1015 -96.8258
-0.1718 -0.9851  0.0016 300.1217
 0.0009  0.0014  1.0000 325.0170
-0.9851  0.1718  0.0006 -99.5120
-0.1735 -0.9848  0.0012 299.9800
-0.0577  0.0113  0.9983 320.5608
-0.9831  0.1731 -0.0588 -101.4908
-0.1738 -0.9848  0.0004 299.9462
-0.0825  0.0150  0.9965 315.7076
-0.9813  0.1731 -0.0838 -102.6829
-0.1736 -0.9848  0.0000 299.9411
-0.0811  0.0143  0.9966 310.6028
-0.9815  0.1730 -0.0824 -103.2410
-0.1734 -0.9849  0.0003 299.9291
-0.0616  0.0112  0.9980 305.3505
-0.9829  0.1730 -0.0626 -103.3244
-0.1731 -0.9849  0.0005 299.9343
-0.0318  0.0061  0.9995 300.0067
-0.9844  0.1730 -0.0324 -103.0639
-0.1730 -0.9849  0.0005 299.9327
 0.0005  0.0005  1.0000 294.6521
-0.9849  0.1730  0.0004 -102.5695
-0.1732 -0.9849 -0.0001 299.9435
 0.0270 -0.0048  0.9996 289.3491
-0.9845  0.1731  0.0274 -101.9440
-0.1735 -0.9848  0.0002 299.9310
 0.0414 -0.0071  0.9991 284.2808
-0.9840  0.1733  0.0421 -101.2520
-0.1737 -0.9848  0.0000 299.9616
 0.0347 -0.0061  0.9994 279.4508
-0.9842  0.1736  0.0352 -100.5757
-0.1737 -0.9848  0.0011 299.9250
 0.0000  0.0011  1.0000 275.0046
-0.9848  0.1737 -0.0002 -99.9314
-0.1734 -0.9848  0.0018 299.9642
-0.0632  0.0130  0.9979 270.7744
-0.9828  0.1730 -0.0645 -99.1569
-0.1731 -0.9849  0.0024 299.9911
-0.1471  0.0282  0.9887 266.5644
-0.9739  0.1708 -0.1498 -98.1268
-0.1728 -0.9850  0.0026 300.0063
-0.2461  0.0458  0.9682 262.4461
-0.9537  0.1667 -0.2504 -96.9260
-0.1726 -0.9850  0.0026 300.0078
-0.3538  0.0645  0.9331 258.4788
-0.9193  0.1602 -0.3596 -95.6426
-0.1726 -0.9850  0.0023 299.9996
-0.4632  0.0832  0.8823 254.7101
-0.8693  0.1512 -0.4706 -94.3564
-0.1718 -0.9851 -0.0014 300.0577
-0.5689  0.0980  0.8165 251.0874
-0.8042  0.1411 -0.5773 -93.0711
-0.1723 -0.9850  0.0016 299.9799
-0.6623  0.1171  0.7400 247.9257
-0.7292  0.1265 -0.6726 -92.0530
-0.1727 -0.9850  0.0011 299.9627
-0.7424  0.1310  0.6571 244.9938
-0.6473  0.1126 -0.7538 -91.0916
-0.1731 -0.9849  0.0009 299.9374
-0.8059  0.1421  0.5748 242.4347
-0.5662  0.0988 -0.8183 -90.3425
-0.1735 -0.9848  0.0007 299.9165
-0.8527  0.1506  0.5003 240.3199
-0.4928  0.0862 -0.8659 -89.8241
-0.1737 -0.9848  0.0006 299.9073
-0.8876  0.1568  0.4331 238.8283
-0.4266  0.0747 -0.9014 -89.7177
-0.1737 -0.9848  0.0005 299.9021
-0.9155  0.1617  0.3683 237.9767
-0.3628  0.0635 -0.9297 -90.0954
-0.1737 -0.9848  0.0005 299.8981
-0.9373  0.1655  0.3067 237.6146
-0.3022  0.0528 -0.9518 -90.8046
-0.1738 -0.9848  0.0005 299.8965
-0.9538  0.1684  0.2489 237.6380
-0.2452  0.0428 -0.9685 -91.6658
-0.1739 -0.9848  0.0005 299.8975
-0.9658  0.1706  0.1953 237.9431
-0.1924  0.0335 -0.9807 -92.5001
-0.1739 -0.9848  0.0004 299.9008
-0.9742  0.1721  0.1462 238.4251
-0.1441  0.0250 -0.9892 -93.1282
-0.1740 -0.9847  0.0004 299.9067
-0.9796  0.1732  0.1021 238.9800
-0.1006  0.0174 -0.9948 -93.3716
-0.1741 -0.9847  0.0003 299.9138
-0.9828  0.1738  0.0629 239.5029
-0.0620  0.0107 -0.9980 -93.0515
-0.1741 -0.9847  0.0002 299.9216
-0.9843  0.1741  0.0289 239.8880
-0.0285  0.0048 -0.9996 -91.9891
-0.1742 -0.9847  0.0002 299.9268
-0.9847  0.1742  0.0001 240.0299
-0.0001 -0.0002 -1.0000 -90.0056
-0.1741 -0.9847  0.0001 299.9306
-0.9845  0.1741 -0.0212 240.0076
 0.0208 -0.0038 -0.9998 -87.0261
-0.1739 -0.9848  0.0001 299.9573
-0.9842  0.1738 -0.0335 239.9984
 0.0330 -0.0059 -0.9994 -83.1974
-0.1737 -0.9848  0.0000 299.9636
-0.9841  0.1736 -0.0385 239.9929
 0.0379 -0.0067 -0.9993 -78.6726
-0.1736 -0.9848  0.0000 299.9599
-0.9841  0.1735 -0.0377 239.9919
 0.0372 -0.0066 -0.9993 -73.6009
-0.1736 -0.9848  0.0000 299.9496
-0.9843  0.1735 -0.0328 239.9924
 0.0323 -0.0057 -0.9995 -68.1301
-0.1736 -0.9848  0.0000 299.9401
-0.9845  0.1735 -0.0252 239.9933
 0.0248 -0.0044 -0.9997 -62.4079
-0.1736 -0.9848  0.0000 299.9357
-0.9847  0.1735 -0.0165 239.9943
 0.0163 -0.0029 -0.9999 -56.5838
-0.1736 -0.9848  0.0000 299.9366
-0.9848  0.1736 -0.0084 239.9955
 0.0083 -0.0014 -1.0000 -50.8079
-0.1736 -0.9848  0.0000 299.9452
-0.9848  0.1736 -0.0024 239.9966
 0.0023 -0.0004 -1.0000 -45.2299
-0.1736 -0.9848  0.0000 299.9561
-0.9848  0.1736  0.0000 239.9972
 0.0000  0.0000 -1.0000 -40.0014
-0.1736 -0.9848  0.0000 299.9615
-0.9848  0.1736  0.0000 239.9976
 0.0000  0.0000 -1.0000 -34.9997
-0.1736 -0.9848  0.0000 299.9614
-0.9848  0.1736  0.0000 239.9981
 0.0000  0.0000 -1.0000 -29.9997
-0.1736 -0.9848  0.0000 299.9615
-0.9848  0.1736  0.0000 239.9984
 0.0000  0.0000 -1.0000 -24.9992
-0.1736 -0.9848  0.0000 299.9615
-0.9848  0.1736  0.0000 239.9988
 0.0000  0.0000 -1.0000 -19.9990
-0.1736 -0.9848  0.0000 299.9616
-0.9848  0.1736  0.0000 239.9989
 0.0000  0.0000 -1.0000 -14.9985
-0.1736 -0.9848  0.0000 299.9617
-0.9848  0.1736  0.0000 239.9991
 0.0000  0.0000 -1.0000 -9.9984
-0.1736 -0.9848  0.0000 299.9618
-0.9848  0.1736  0.0000 239.9991
 0.0000  0.0000 -1.0000 -4.9979
-0.1736 -0.9848  0.0000 299.9617
-0.9848  0.1736  0.0000 239.9994
 0.0000  0.0000 -1.0000  0.0025
-0.1736 -0.9848  0.0000 299.9619
-0.9848  0.1736  0.0000 239.9993
 0.0000  0.0000 -1.0000  5.0031
-0.1736 -0.9848  0.0000 299.9620
-0.9848  0.1736  0.0000 239.9994
 0.0000  0.0000 -1.0000 10.0036
-0.1736 -0.9848  0.0000 299.9619
-0.9848  0.1736  0.0000 239.9995
 0.0000  0.0000 -1.0000 15.0041
-0.1736 -0.9848  0.0000 299.9622
-0.9848  0.1736  0.0000 239.9990
 0.0000  0.0000 -1.0000 20.0047
-0.1736 -0.9848  0.0000 299.9620
-0.9848  0.1736  0.0000 239.9992
 0.0000  0.0000 -1.0000 25.0053
-0.1736 -0.9848  0.0000 299.9624
-0.9848  0.1736  0.0000 239.9988
 0.0000  0.0000 -1.0000 30.0059
-0.1736 -0.9848  0.0000 299.9622
-0.9848  0.1736  0.0000 239.9985
 0.0000  0.0000 -1.0000 35.0065
-0.1736 -0.9848  0.0000 299.9622
-0.9848  0.1736  0.0000 239.9985
 0.0000  0.0000 -1.0000 40.0072
-0.1736 -0.9848  0.0000 299.9622
-0.9848  0.1736  0.0000 239.9981
 0.0000  0.0000 -1.0000 45.0078
-0.1736 -0.9848  0.0000 299.9624
-0.9848  0.1736  0.0000 239.9975
 0.0000  0.0000 -1.0000 50.0084
-0.1736 -0.9848  0.0000 299.9620
-0.9848  0.1736  0.0000 239.9975
 0.0000  0.0000 -1.0000 55.0092
-0.1736 -0.9848  0.0000 299.9623
-0.9848  0.1736  0.0000 239.9968
 0.0000  0.0000 -1.0000 60.0098
-0.1736 -0.9848  0.0000 299.9572
-0.9848  0.1736  0.0035 239.9950
-0.0035  0.0006 -1.0000 65.0112
-0.1736 -0.9848  0.0000 299.9455
-0.9847  0.1736  0.0126 239.9929
-0.0124  0.0022 -0.9999 70.0109
-0.1736 -0.9848  0.0000 299.9342
-0.9845  0.1736  0.0248 239.9913
-0.0245  0.0043 -0.9997 75.0105
-0.1736 -0.9848  0.0000 299.9303
-0.9841  0.1735  0.0378 239.9901
-0.0372  0.0066 -0.9993 80.0117
-0.1736 -0.9848  0.0000 299.9362
-0.9836  0.1734  0.0492 239.9891
-0.0484  0.0085 -0.9988 85.0143
-0.1736 -0.9848  0.0000 299.9475
-0.9832  0.1733  0.0566 239.9887
-0.0557  0.0098 -0.9984 90.0166
-0.1736 -0.9848  0.0000 299.9593
-0.9832  0.1733  0.0577 239.9907
-0.0568  0.0100 -0.9983 95.0159
-0.1737 -0.9848  0.0000 299.9623
-0.9835  0.1735  0.0503 239.9968
-0.0495  0.0087 -0.9987 100.0071
-0.1740 -0.9847  0.0000 299.9430
-0.9842  0.1739  0.0319 240.0109
-0.0315  0.0056 -0.9995 104.9853
-0.1745 -0.9847 -0.0001 299.8850
-0.9847  0.1745  0.0005 240.0336
-0.0005  0.0002 -1.0000 109.9391
-0.1748 -0.9846 -0.0004 299.8625
-0.9835  0.1746 -0.0476 240.1032
 0.0469 -0.0080 -0.9989 115.1477
-0.1748 -0.9846 -0.0008 299.8493
-0.9785  0.1738 -0.1113 240.1914
 0.1097 -0.0186 -0.9938 120.7105
-0.1747 -0.9846 -0.0014 299.8572
-0.9672  0.1718 -0.1869 240.2731
 0.1843 -0.0313 -0.9824 126.4811
-0.1742 -0.9847 -0.0019 299.8888
-0.9479  0.1682 -0.2704 240.3383
 0.2666 -0.0453 -0.9628 132.3110
-0.1736 -0.9848 -0.0023 299.9367
-0.9197  0.1629 -0.3572 240.3803
 0.3521 -0.0599 -0.9340 138.0452
-0.1729 -0.9849 -0.0024 299.9875
-0.8828  0.1561 -0.4430 240.3953
 0.4367 -0.0745 -0.8965 143.5258
-0.1724 -0.9850 -0.0023 300.0315
-0.8389  0.1481 -0.5238 240.3807
 0.5163 -0.0884 -0.8518 148.5998
-0.1723 -0.9850 -0.0020 300.0497
-0.7906  0.1395 -0.5963 240.3383
 0.5877 -0.1011 -0.8028 153.1171
-0.1724 -0.9850 -0.0017 300.0450
-0.7416  0.1309 -0.6580 240.2745
 0.6484 -0.1122 -0.7530 156.9387
-0.1728 -0.9850 -0.0013 300.0239
-0.6960  0.1230 -0.7075 240.1977
 0.6970 -0.1213 -0.7068 159.9218
-0.1729 -0.9849 -0.0011 300.0171
-0.6517  0.1152 -0.7496 240.1609
 0.7385 -0.1289 -0.6619 162.1763
-0.1728 -0.9850 -0.0011 300.0238
-0.6048  0.1070 -0.7891 240.1598
 0.7774 -0.1357 -0.6142 163.9200
-0.1725 -0.9850 -0.0017 300.0562
-0.5564  0.0989 -0.8250 240.1845
 0.8128 -0.1414 -0.5651 165.1926
-0.1726 -0.9850 -0.0016 300.0453
-0.5088  0.0906 -0.8561 240.1740
 0.8434 -0.1469 -0.5167 165.9444
-0.1727 -0.9850 -0.0015 300.0311
-0.4635  0.0826 -0.8823 240.1555
 0.8691 -0.1517 -0.4708 166.1967
-0.1729 -0.9849 -0.0013 300.0135
-0.4223  0.0753 -0.9033 240.1314
 0.8898 -0.1556 -0.4290 165.9526
-0.1731 -0.9849 -0.0011 299.9942
-0.3873  0.0691 -0.9194 240.1025
 0.9056 -0.1588 -0.3934 165.2111
-0.1734 -0.9849 -0.0008 299.9752
-0.3602  0.0642 -0.9307 240.0703
 0.9166 -0.1611 -0.3658 163.9700
-0.1735 -0.9848 -0.0005 299.9593
-0.3428  0.0609 -0.9374 240.0374
 0.9233 -0.1625 -0.3481 162.2269
-0.1736 -0.9848  0.0000 299.9858
-0.3368  0.0594 -0.9397 240.0083
 0.9254 -0.1631 -0.3420 160.0001
-0.1737 -0.9848 -0.0001 299.9830
-0.3431  0.0606 -0.9374 239.9956
 0.9231 -0.1627 -0.3484 157.0219
-0.1736 -0.9848 -0.0007 299.9601
-0.3605  0.0642 -0.9305 240.0083
 0.9164 -0.1613 -0.3662 153.1737
-0.1735 -0.9848 -0.0011 299.9656
-0.3877  0.0693 -0.9192 240.0413
 0.9053 -0.1591 -0.3938 148.6383
-0.1734 -0.9849 -0.0014 299.9749
-0.4227  0.0757 -0.9031 240.0723
 0.8895 -0.1560 -0.4294 143.5495
-0.1732 -0.9849 -0.0017 299.9859
-0.4638  0.0831 -0.8820 240.1003
 0.8688 -0.1520 -0.4712 138.0604
-0.1731 -0.9849 -0.0019 299.9967
-0.5091  0.0912 -0.8559 240.1241
 0.8431 -0.1472 -0.5172 132.3233
-0.1731 -0.9849 -0.0021 300.0057
-0.5566  0.0996 -0.8248 240.1429
 0.8125 -0.1416 -0.5655 126.4897
-0.1731 -0.9849 -0.0021 300.0115
-0.6047  0.1080 -0.7891 240.1562
 0.7774 -0.1353 -0.6143 120.7107
-0.1731 -0.9849 -0.0021 300.0136
-0.6516  0.1161 -0.7496 240.1630
 0.7385 -0.1284 -0.6619 115.1365
-0.1732 -0.9849 -0.0019 300.0118
-0.6960  0.1238 -0.7073 240.1633
 0.6969 -0.1212 -0.7069 109.9167
-0.1731 -0.9849 -0.0021 300.0250
-0.7416  0.1317 -0.6578 240.1982
 0.6481 -0.1123 -0.7532 104.9116
-0.1728 -0.9850 -0.0024 300.0531
-0.7905  0.1401 -0.5962 240.2675
 0.5876 -0.1011 -0.8028 99.8987
-0.1727 -0.9850 -0.0018 300.0464
-0.8389  0.1480 -0.5238 240.3207
 0.5162 -0.0890 -0.8519 94.8695
-0.1726 -0.9850 -0.0018 300.0468
-0.8828  0.1555 -0.4433 240.3666
 0.4370 -0.0749 -0.8964 89.8854
-0.1728 -0.9850 -0.0018 300.0314
-0.9196  0.1620 -0.3579 240.3895
 0.3528 -0.0602 -0.9338 84.9057
-0.1732 -0.9849 -0.0017 300.0001
-0.9479  0.1672 -0.2713 240.3837
 0.2674 -0.0454 -0.9625 79.9258
-0.1736 -0.9848 -0.0014 299.9656
-0.9672  0.1708 -0.1878 240.3477
 0.1852 -0.0312 -0.9822 74.9420
-0.1741 -0.9847 -0.0011 299.9335
-0.9785  0.1731 -0.1120 240.2851
 0.1104 -0.0185 -0.9937 69.9512
-0.1744 -0.9847 -0.0006 299.9097
-0.9835  0.1742 -0.0479 240.2030
 0.0473 -0.0077 -0.9989 64.9548
-0.1745 -0.9847 -0.0003 299.8998
-0.9847  0.1745  0.0004 240.1125
-0.0004  0.0003 -1.0000 59.9571
-0.1744 -0.9847 -0.0001 299.9027
-0.9842  0.1743  0.0321 240.0394
-0.0316  0.0057 -0.9995 54.9620
-0.1740 -0.9848  0.0000 299.9485
-0.9835  0.1737  0.0504 240.0157
-0.0496  0.0088 -0.9987 49.9900
-0.1737 -0.9848  0.0000 299.9626
-0.9832  0.1734  0.0577 240.0018
-0.0569  0.0101 -0.9983 45.0015
-0.1736 -0.9848  0.0000 299.9561
